Vertices. Formato: ID coordenadaY coordenadaX nombre
60175732 6.2435539 -75.5788089 
60175734 6.2476934 -75.5802351 
60175735 6.2485941 -75.5802705 
60175737 6.2553611 -75.5765538 
60175740 6.2645155 -75.5722619  
60175746 6.2839143 -75.5680315 
60175747 6.2845207 -75.5673742  
60175750 6.2885803 -75.5654949 
60175751 6.2895445 -75.5650539 
60175752 6.2910892 -75.5636453 
60175753 6.291762 -75.5632973 
60175754 6.2931856 -75.562923 
Arcos. Formato: ID ID distancia nombre 
60175740 60175737 11.7896776881 ayacucho
60175740 60175754 19.7896776881 avenidaantioquia
60175737 60175735 16.0819557278 av poblado
60175735 60175734 26.9225578699 grey
60175734 60175732 11.811828816 carrera 33
60175732 60175746 11.5267905331 la oriental
60175746 60175751 11.4768331871 pasadizo terror
60175751 60175754 14.9197486573 av america
60175754 60175752 32.9272774459 puente 4sur
60175752 60175747 41.0659287004 calle 9sur
60175747 60175750 44.494998595 av colombia
60175750 60175753 50.9225578699 carrera 81
60175753 60175740 46.9225578699 avparquesdelrio
